0    3.51288
1    3.13428
2    2.72504
3    1.95984
4    1.55066
5    2.27484
6    2.49371
7    2.9137
8    3.20264
9    3.03632
10    2.32977
11    2.41357
12    2.24347
13    1.94702
14    1.07861
15    1.09448
16    0.937622
17    0.767639
18    2.83929
19    2.48254
20    1.99469
21    1.48004
22    1.401
23    2.15369
24    3.21582
25    3.43231
26    2.92584
27    3.26288
28    2.2171
29    1.45306
30    2.35126
31    2.74518
32    2.81366
33    2.74536
34    2.96619
35    3.68323
36    4.76306
37    5.79163
38    6.30823
39    7.51575
40    7.81421
41    6.59033
42    3.7207
43    2.68134
44    3.3595
45    4.06616
46    5.89331
47    3.50122
48    2.14417
49    2.52496
50    3.05725
51    3.77032
52    4.44116
53    53.1262
54    41.3151
55    27.4415
56    15.5017
57    8.43811
58    5.64551
59    5.16235
60    5.45776
61    15.42
62    9.17175
63    6.47095
64    5.26477
65    3.92712
66    3.58325
67    3.34271
68    3.00085
69    2.64178
70    2.38055
71    1.20514
72    1.47607
73    1.79437
74    2.15857
75    2.45831
76    0.437866
77    0.654053
78    0.335449
79    0.504517
80    0.731934
81    0.99408
82    1.29254
83    1.58508
84    1.81812
85    4.07422
86    3.37189
87    2.76691
88    2.28998
89    1.89777
90    1.58093
91    1.30511
92    1.08923
93    0.962341
94    3.01355
95    2.81879
96    2.45154
97    12.3708
98    3.09521
99    6.82458
100    3.01355
101    2.97302
102    4.49872
103    2.37476
104    5.75391
105    3.6839
106    2.2616
107    2.49286
108    1.01025
109    0.855042
110    2.31238
111    2.78107
112    1.26251
113    1.99109
114    2.51465
115    2.55206
116    1.93604
117    1.69092
118    1.56976
119    1.49854
120    1.51733
121    2.53729
122    1.89478
123    1.58044
124    1.3667
125    1.18951
126    5.34875
127    6.54553
128    5.01807
129    3.95239
130    3.26685
131    2.33521
132    1.25311
133    1.39789
134    1.55621
135    1.79523
136    1.61749
137    1.9577
138    1.66833
139    1.35028
140    2.52832
141    2.05865
142    1.69409
143    1.37592
144    1.06934
145    0.812744
146    0.645264
147    0.516357
148    1.36798
149    1.12964
150    0.894104
151    0.670471
152    0.471802
153    0.29303
154    0.697327
155    0.551819
156    0.35498
157    4.29626
158    5.20355
159    6.51031
160    9.5675
161    2.01514
162    2.54034
163    3.00421
164    2.70966
165    3.27405
166    3.83807
167    0.794373
168    1.44604
169    0.830505
170    1.39551
171    1.84344
172    0.282471
173    0.221893
174    0.334106
175    0.436096
176    0.574158
177    0.527191
178    0.437378
179    0.302673
180    0.247986
181    0.24411
182    0.240753
183    0.973022
184    1.19501
185    1.40674
186    1.31012
187    1.13281
188    0.742188
189    1.43054
190    1.4436
191    1.41022
192    1.33148
193    1.19214
194    1.19269
195    1.37714
196    1.55621
197    1.79755
198    2.12537
199    0.672546
200    1.16742
201    1.16736
202    1.18097
203    0.445557
204    0.5401
205    0.569244
206    0.342285
