0    3.48509
1    3.15236
2    2.7355
3    1.64123
4    1.41353
5    2.17293
6    2.27541
7    2.89444
8    3.18112
9    3.12151
10    2.34618
11    2.05746
12    1.79257
13    1.55272
14    1.01885
15    1.01864
16    0.936677
17    0.8103
18    2.33887
19    2.26005
20    2.06743
21    1.82619
22    1.58963
23    2.37277
24    3.3974
25    3.39244
26    2.88548
27    3.19668
28    1.78618
29    2.24583
30    2.55201
31    2.81278
32    1.79828
33    2.18776
34    2.95185
35    3.5174
36    4.4592
37    5.44651
38    6.23413
39    6.09032
40    8.66629
41    8.88798
42    8.00631
43    3.05808
44    3.6312
45    4.40632
46    5.80771
47    5.34639
48    2.14815
49    2.52267
50    3.01978
51    3.71618
52    4.63685
53    53.253
54    40.3125
55    22.9729
56    15.1572
57    10.6256
58    8.23323
59    6.91724
60    5.51705
61    9.22275
62    8.28517
63    6.11321
64    4.57892
65    5.34953
66    4.30821
67    3.49818
68    2.99014
69    2.56589
70    2.34484
71    1.21314
72    1.47115
73    1.79056
74    2.17571
75    2.47255
76    0.387304
77    0.656272
78    0.172275
79    0.493701
80    0.712723
81    0.977731
82    1.28792
83    1.5744
84    1.8821
85    4.14608
86    3.41375
87    2.7715
88    2.28209
89    1.91749
90    1.59222
91    1.29106
92    1.09439
93    0.986449
94    3.0304
95    2.79643
96    2.44225
97    4.14917
98    2.73914
99    5.69371
100    3.0304
101    2.72144
102    6.06789
103    2.68432
104    5.24202
105    2.56337
106    1.98418
107    2.16949
108    0.981933
109    0.887803
110    2.57569
111    2.8366
112    1.10414
113    1.58224
114    1.94971
115    2.40881
116    2.02834
117    1.72434
118    1.56225
119    1.46106
120    1.23302
121    2.18078
122    1.86601
123    1.60417
124    1.3617
125    1.07816
126    5.60465
127    5.59992
128    4.72303
129    3.99951
130    3.31191
131    2.27406
132    1.24527
133    1.42488
134    1.62708
135    1.89673
136    1.6263
137    1.95942
138    1.71698
139    1.33456
140    2.46665
141    2.0487
142    1.70114
143    1.37684
144    1.05414
145    0.803085
146    0.645674
147    0.549925
148    1.38627
149    1.12759
150    0.899069
151    0.667944
152    0.494536
153    0.286203
154    0.69757
155    0.568291
156    0.372807
157    4.23251
158    4.81952
159    5.67394
160    3.79396
161    2.35897
162    2.58539
163    3.05387
164    2.68506
165    3.32946
166    3.94686
167    0.774498
168    1.51925
169    0.818941
170    1.62896
171    2.25143
172    0.512475
173    0.451116
174    0.333225
175    0.326447
176    0.426518
177    0.422245
178    0.332673
179    0.30324
180    0.2477
181    0.244517
182    0.241717
183    0.973164
184    1.07379
185    1.17238
186    1.25445
187    0.902038
188    0.787096
189    1.39951
190    1.43644
191    1.42472
192    1.34047
193    1.2042
194    1.19119
195    1.39488
196    1.62708
197    1.89231
198    2.13253
199    0.674238
200    1.17071
201    1.1717
202    1.1776
203    0.531144
204    0.538498
205    0.571383
206    0.106366
