0    1.82385
1    1.63013
2    1.47583
3    1.0481
4    0.672607
5    0.996704
6    1.24109
7    1.59521
8    1.67749
9    1.49011
10    1.68542
11    1.78491
12    1.68115
13    1.4718
14    0.844482
15    0.857178
16    0.744507
17    0.620239
18    1.03101
19    0.820801
20    0.661377
21    0.519043
22    0.601807
23    1.052
24    1.61633
25    1.78687
26    1.59375
27    1.72351
28    1.07007
29    0.0131836
30    1.10828
31    1.50269
32    1.46313
33    1.08008
34    0.807373
35    0.841797
36    1.13892
37    1.40552
38    1.38745
39    19.158
40    27.9558
41    30.468
42    25.896
43    4.46191
44    5.59595
45    5.00952
46    6.33838
47    13.9417
48    12.2251
49    3.88525
50    4.91626
51    5.98193
52    64.9338
53    48.2549
54    30.9216
55    17.0676
56    6.87207
57    1.40088
58    4.07397
59    5.9873
60    5.94531
61    5.03198
62    4.17041
63    1.98706
64    2.49658
65    3.14819
66    3.98364
67    4.66577
68    0.583252
69    0.989014
70    0.40918
71    0.697021
72    1.12134
73    1.62915
74    2.18457
75    2.72192
76    3.15845
77    6.375
78    5.49194
79    4.32031
80    3.39185
81    2.72705
82    2.20068
83    1.75342
84    1.70605
85    2.04919
86    1.77344
87    12.3416
88    2.42969
89    7.93237
90    1.70605
91    2.29346
92    3.53882
93    1.69373
94    4.5542
95    3.02588
96    1.66882
97    1.83435
98    0.799561
99    0.683716
100    1.65088
101    2.01282
102    0.980591
103    1.50427
104    1.87939
105    2.18579
106    1.67761
107    1.46777
108    1.349
109    1.27222
110    1.17419
111    2.11377
112    1.62048
113    1.375
114    1.19812
115    1.04407
116    4.20557
117    7.54614
118    5.54541
119    4.20728
120    3.4458
121    1.98767
122    1.16174
123    1.26953
124    1.3866
125    1.56738
126    1.47681
127    1.77759
128    1.77588
129    1.24756
130    54.9314
131    37.5637
132    15.9744
133    5.5061
134    4.52173
135    3.73193
136    2.95972
137    2.33789
138    1.77124
139    1.25757
140    0.898926
141    0.670166
142    1.84009
143    1.40918
144    0.970703
145    0.616943
146    0.975586
147    0.736572
148    0.453857
149    4.677
150    5.78979
151    7.4856
152    11.562
153    2.17212
154    2.73804
155    3.18262
156    2.8938
157    3.46191
158    4.10425
159    0.805664
160    1.5271
161    0.847778
162    1.48291
163    1.98413
164    0.41687
165    0.218384
166    0.439819
167    0.638184
168    0.893433
169    0.202087
170    0.209778
171    0.22345
172    0.769165
173    0.930786
174    1.09131
175    1.11731
176    0.983643
177    0.602783
178    1.21606
179    1.24988
180    1.24329
181    1.1991
182    1.09241
183    1.06641
184    1.22644
185    1.3866
186    1.60693
187    1.90869
188    0.698853
189    1.05127
190    1.06738
191    1.09143
192    0.47168
193    0.523071
194    0.544189
195    0.331421
196    0.831787
