0    1.77835
1    1.65132
2    1.48313
3    0.681449
4    0.616227
5    1.11056
6    1.21257
7    1.57469
8    1.66657
9    1.57709
10    1.69696
11    1.52074
12    1.34828
13    1.18471
14    0.802773
15    0.803353
16    0.744191
17    0.65409
18    0.655181
19    0.711987
20    0.732638
21    0.703897
22    0.669136
23    1.09538
24    1.67984
25    1.75232
26    1.55878
27    1.68372
28    0.651592
29    0.770112
30    1.20882
31    1.29775
32    0.618616
33    0.669247
34    0.800693
35    0.841122
36    0.90806
37    1.05568
38    1.29881
39    17.4418
40    29.4399
41    30.9714
42    25.6041
43    6.03293
44    7.38722
45    9.06718
46    5.45552
47    16.8787
48    15.1215
49    3.91391
50    4.72582
51    5.86857
52    65.2722
53    43.9259
54    29.2869
55    18.1298
56    11.9962
57    11.7551
58    9.10662
59    7.06545
60    5.79789
61    4.84272
62    4.29854
63    2.00495
64    2.50883
65    3.13608
66    3.95406
67    4.63347
68    0.529144
69    1.00476
70    0.232458
71    0.669031
72    1.07469
73    1.55864
74    2.14556
75    2.70405
76    3.30762
77    6.80986
78    5.29031
79    4.19459
80    3.39447
81    2.74497
82    2.16768
83    1.78199
84    1.72939
85    2.02859
86    1.76949
87    3.00587
88    2.09986
89    6.04483
90    1.72939
91    2.06371
92    4.87191
93    1.92599
94    4.16577
95    2.12835
96    1.46393
97    1.59353
98    0.780225
99    0.706894
100    1.84849
101    2.04926
102    0.871189
103    1.20716
104    1.46236
105    2.07298
106    1.75473
107    1.49221
108    1.34338
109    1.24457
110    0.977538
111    1.81642
112    1.59583
113    1.39584
114    1.19444
115    0.938783
116    4.43619
117    5.95488
118    5.05441
119    4.25965
120    3.52705
121    1.9393
122    1.15369
123    1.29061
124    1.44449
125    1.65146
126    1.48307
127    1.77488
128    1.80697
129    1.23585
130    22.7674
131    10.2487
132    6.82661
133    6.10695
134    4.58554
135    3.6944
136    2.96726
137    2.32971
138    1.69762
139    1.24435
140    0.938992
141    0.794792
142    1.84393
143    1.41397
144    0.990111
145    0.569038
146    1.0522
147    0.752459
148    0.252921
149    4.59678
150    5.17656
151    5.97577
152    3.77437
153    2.56276
154    2.8
155    3.24221
156    2.86725
157    3.57368
158    4.24371
159    0.778895
160    1.59011
161    0.828817
162    1.73236
163    2.45916
164    0.697917
165    0.606441
166    0.442168
167    0.432625
168    0.56841
169    0.213704
170    0.210044
171    0.206552
172    0.768128
173    0.847767
174    0.928737
175    1.07065
176    0.776048
177    0.636663
178    1.19286
179    1.24698
180    1.25748
181    1.20731
182    1.1112
183    1.06458
184    1.23905
185    1.44449
186    1.68452
187    1.92025
188    0.700495
189    1.05675
190    1.07674
191    1.09079
192    0.562008
193    0.519776
194    0.545705
195    0.101177
196    0.833649
