0    1.11475
1    1.07617
2    1.01172
3    0.410156
4    0.349609
5    0.457031
6    0.662109
7    1.14844
8    1.12305
9    0.94043
10    1.29199
11    1.54248
12    1.5249
13    1.34912
14    0.707031
15    0.735352
16    0.618164
17    0.477539
18    -0.733398
19    1.1416
20    0.584961
21    0.0917969
22    0.199219
23    0.639648
24    1.02344
25    1.12646
26    1.14941
27    1.08008
28    0.453125
29    0.379883
30    0.686523
31    0.803711
32    -0.135742
33    0.0488281
34    0.0878906
35    -0.619141
36    -0.978516
37    -0.419922
38    0.661133
39    31.0273
40    69.9316
41    125.758
42    154.413
43    124.092
44    61.2559
45    7.36426
46    7.93066
47    4.98633
48    20.0391
49    75.043
50    116.568
51    110.959
52    -1.84473
53    0.69043
54    2.05957
55    1.99902
56    7.37109
57    18.4307
58    2.57422
59    3.54199
60    2.95312
61    1.73438
62    1.63184
63    0.993164
64    3.48438
65    4.6084
66    4.87695
67    3.875
68    1.62695
69    -0.960938
70    1.06348
71    1.54492
72    1.3623
73    14.793
74    1.87793
75    7.16895
76    1.06348
77    1.74121
78    2.69922
79    1.17676
80    3.54297
81    2.55811
82    1.40967
83    1.5459
84    0.688477
85    0.540039
86    1.1626
87    1.48145
88    0.879883
89    1.38379
90    1.70557
91    1.84277
92    1.43066
93    1.25391
94    1.1543
95    1.10107
96    1.10156
97    1.80713
98    1.38525
99    1.18018
100    1.03564
101    0.904297
102    3.22168
103    7.05566
104    5.5127
105    4.29785
106    3.44336
107    1.68213
108    1.0376
109    1.12646
110    1.21045
111    1.33984
112    1.29883
113    1.53955
114    1.78125
115    1.11084
116    131.174
117    95.8008
118    41.5137
119    6.30957
120    5.02246
121    2.24707
122    1.0752
123    0.467773
124    1.60547
125    3.09082
126    3.95703
127    2.71094
128    4.4082
129    4.55273
130    2.60645
131    1.00879
132    -1.16309
133    3.42285
134    2.93457
135    -0.958984
136    1.24707
137    2.06348
138    4.46582
139    5.69238
140    7.16992
141    9.91699
142    1.7627
143    2.65625
144    3.14941
145    2.83887
146    3.46973
147    4.08496
148    0.782227
149    1.55713
150    0.77832
151    1.28809
152    1.42969
153    1.46045
154    -1.3374
155    0.443848
156    4.59326
157    0.299805
158    0.594238
159    -0.210449
160    -0.98877
161    0.179199
162    0.185303
163    0.189697
164    0.626465
165    0.822266
166    1.01367
167    0.966797
168    0.839355
169    0.466797
170    1.04688
171    1.07275
172    1.07666
173    1.06104
174    0.98291
175    0.937012
176    1.0708
177    1.21045
178    1.39551
179    1.64941
180    0.6875
181    0.933594
182    0.962402
183    0.98584
184    0.483887
185    0.500977
186    0.521973
187    0.200195
188    -20.5308
