0    1.1373
1    1.07355
2    0.982608
3    0.394699
4    0.367972
5    0.706136
6    0.792878
7    1.04589
8    1.08385
9    1.00394
10    1.29905
11    1.18193
12    1.06643
13    0.945658
14    0.658106
15    0.661053
16    0.617243
17    0.545164
18    0.337981
19    0.370121
20    0.397723
21    0.400494
22    0.390441
23    0.670172
24    1.05794
25    1.12891
26    1.03175
27    1.10002
28    0.366546
29    0.412525
30    0.748752
31    0.791446
32    0.343113
33    0.34939
34    0.39552
35    0.380732
36    0.381911
37    0.441903
38    0.548404
39    19.0385
40    39.4671
41    80.9087
42    155.926
43    120.861
44    57.985
45    2.05788
46    2.83484
47    3.77663
48    15.9442
49    40.8109
50    67.0553
51    47.0892
52    0.784846
53    1.00422
54    3.18966
55    1.86735
56    8.78076
57    9.28682
58    2.6313
59    3.52413
60    3.88386
61    3.27347
62    1.26201
63    0.930926
64    1.3487
65    2.06603
66    2.93989
67    3.93508
68    0.839991
69    0.810384
70    1.08636
71    1.53802
72    1.35072
73    1.89762
74    1.54259
75    5.86881
76    1.08636
77    1.5027
78    3.77174
79    1.45636
80    3.25815
81    1.75919
82    1.13726
83    1.23123
84    0.645316
85    0.585643
86    1.40271
87    1.55119
88    0.715625
89    0.96398
90    1.1509
91    1.75274
92    1.49519
93    1.27442
94    1.14762
95    1.05879
96    0.800969
97    1.5166
98    1.34843
99    1.19538
100    1.03526
101    0.816551
102    3.44252
103    5.71097
104    4.94334
105    4.19039
106    3.42892
107    1.63767
108    1.03197
109    1.13842
110    1.25073
111    1.41201
112    1.30569
113    1.54316
114    1.73107
115    1.09762
116    227.744
117    54.9494
118    23.5007
119    4.53094
120    3.21932
121    2.23789
122    1.35317
123    1.11587
124    1.0302
125    0.635031
126    4.01361
127    0.484006
128    3.30143
129    2.37169
130    1.40438
131    1.24055
132    1.26375
133    1.35934
134    0.796531
135    2.03547
136    1.24376
137    0.564896
138    4.57864
139    5.05069
140    5.68943
141    3.40689
142    2.54843
143    2.73626
144    3.13354
145    2.78001
146    3.49021
147    4.22614
148    0.716765
149    1.52295
150    0.766793
151    1.66949
152    2.44467
153    0.838838
154    0.706521
155    0.452136
156    0.693681
157    0.300522
158    0.293747
159    0.336101
160    0.384506
161    0.188907
162    0.185166
163    0.181453
164    0.63298
165    0.696478
166    0.763847
167    0.917052
168    0.668098
169    0.534659
170    1.01832
171    1.06893
172    1.09201
173    1.06513
174    0.989134
175    0.938358
176    1.0816
177    1.25073
178    1.46202
179    1.6633
180    0.681895
181    0.934582
182    0.961945
183    0.980189
184    0.561785
185    0.500919
186    0.525046
187    0.0843839
188    0.9797
