0    1.03302
1    0.806274
2    0.753357
3    1.06702
4    0.291138
5    0.1427
6    0.474365
7    0.828735
8    0.854675
9    0.63446
10    0.983887
11    1.16821
12    1.15942
13    1.03305
14    0.572266
15    0.579468
16    0.497131
17    0.406647
18    1.23053
19    -0.0429077
20    0.0524902
21    0.232178
22    0.390076
23    0.608032
24    0.847229
25    0.970398
26    0.827087
27    0.921021
28    1.01459
29    -1.23859
30    0.476685
31    1.27203
32    1.77026
33    0.949768
34    0.425659
35    0.806396
36    1.42529
37    1.38947
38    0.356689
39    2.37354
40    1.67078
41    5.2049
42    4.02667
43    5.5741
44    5.56073
45    3.64508
46    2.17731
47    4.2356
48    5.26654
49    4.54828
50    2.22992
51    1.94043
52    8.26831
53    1.34027
54    2.53204
55    4.15948
56    5.50732
57    5.95111
58    5.00183
59    3.66565
60    0.693604
61    1.16473
62    1.03033
63    21.6378
64    1.41223
65    11.0122
66    0.693604
67    1.30389
68    1.77161
69    0.892761
70    2.51093
71    2.04053
72    1.0827
73    1.17029
74    0.541687
75    0.449158
76    0.884399
77    1.11536
78    0.678284
79    1.05777
80    1.2912
81    1.39624
82    1.11597
83    0.989685
84    0.914734
85    0.877136
86    0.834625
87    1.44257
88    1.09253
89    0.929077
90    0.819214
91    0.726807
92    2.21393
93    10.0748
94    5.56525
95    3.09796
96    2.40869
97    1.30188
98    0.834961
99    0.890869
100    0.952087
101    1.05212
102    1.03613
103    1.21259
104    1.62811
105    0.894165
106    221.853
107    205.961
108    183.167
109    30.1396
110    12.011
111    3.03864
112    2.16315
113    3.84918
114    3.17041
115    5.13934
116    5.93933
117    5.67859
118    5.81201
119    4.86481
120    2.39221
121    1.4884
122    0.88501
123    2.67285
124    1.4007
125    2.42548
126    1.6557
127    0.738403
128    3.85712
129    6.08368
130    9.91815
131    19.6833
132    1.44244
133    2.08466
134    2.32812
135    2.26239
136    2.34802
137    2.86334
138    0.659424
139    1.42896
140    0.656921
141    1.12219
142    1.23358
143    0.00927734
144    0.0843201
145    0.558777
146    1.13797
147    0.337158
148    0.350006
149    0.216064
150    0.0791016
151    0.119293
152    0.159714
153    0.215302
154    0.514191
155    0.638428
156    0.771667
157    0.775574
158    0.686462
159    0.393738
160    0.839417
161    0.84906
162    0.854858
163    0.842651
164    0.785706
165    0.755127
166    0.850525
167    0.952087
168    1.09314
169    1.27332
170    0.57251
171    0.747681
172    0.769409
173    0.78833
174    0.313416
175    0.434601
176    0.44754
177    0.107361
178    0.975037
