0    0.895955
1    0.847888
2    0.781593
3    0.294548
4    0.272889
5    0.543887
6    0.621608
7    0.839801
8    0.859795
9    0.783657
10    0.988687
11    0.90805
12    0.827521
13    0.740824
14    0.528798
15    0.531299
16    0.498945
17    0.443553
18    0.251282
19    0.263671
20    0.285445
21    0.288451
22    0.286021
23    0.506677
24    0.826243
25    0.892672
26    0.82482
27    0.877721
28    0.269676
29    0.287969
30    0.572116
31    0.608465
32    0.26024
33    0.256213
34    0.285637
35    0.248611
36    0.198386
37    0.198892
38    0.205524
39    1.9545
40    2.96328
41    4.57178
42    3.92494
43    5.38137
44    6.12707
45    5.38981
46    2.18773
47    1.25803
48    1.14832
49    4.86107
50    1.91901
51    3.30411
52    5.1288
53    1.32299
54    1.90773
55    2.98547
56    4.37036
57    6.05648
58    1.34264
59    1.34016
60    0.737713
61    1.15389
62    1.02417
63    1.18332
64    1.07044
65    4.39102
66    0.737713
67    1.04037
68    2.66702
69    1.09783
70    2.33629
71    1.339
72    0.87585
73    0.941474
74    0.520575
75    0.474456
76    1.06053
77    1.16231
78    0.572641
79    0.754522
80    0.887111
81    1.34647
82    1.16205
83    0.999616
84    0.90624
85    0.839799
86    0.637095
87    1.17061
88    1.05172
89    0.942582
90    0.824689
91    0.656162
92    2.45407
93    4.27344
94    3.78752
95    3.26998
96    2.71018
97    1.26282
98    0.828401
99    0.906619
100    0.986751
101    1.10203
102    1.03237
103    1.20609
104    1.41963
105    0.877631
106    221.963
107    144.8
108    62.9231
109    9.32591
110    6.12836
111    3.96765
112    2.25536
113    1.76341
114    1.6624
115    0.983096
116    5.97707
117    0.723638
118    4.8173
119    3.36954
120    1.89597
121    1.63722
122    1.63378
123    1.85519
124    1.06724
125    2.69577
126    1.64782
127    0.743507
128    3.57913
129    3.85931
130    4.2409
131    2.46584
132    2.0941
133    2.21295
134    2.4908
135    2.22763
136    2.76535
137    3.3227
138    0.59792
139    1.25338
140    0.63985
141    1.38305
142    2.01739
143    1.0503
144    0.886548
145    0.562429
146    0.845945
147    0.337262
148    0.330352
149    0.376697
150    0.42982
151    0.16288
152    0.15972
153    0.156466
154    0.51046
155    0.558302
156    0.609411
157    0.732794
158    0.538216
159    0.435585
160    0.809771
161    0.848512
162    0.868117
163    0.850805
164    0.796015
165    0.754618
166    0.861461
167    0.986751
168    1.14368
169    1.2929
170    0.565643
171    0.752761
172    0.775068
173    0.789384
174    0.468935
175    0.431836
176    0.450527
177    0.0710583
178    0.980025
