0    0.780472
1    0.750137
2    0.722519
3    0.308746
4    0.275269
5    0.569244
6    0.665085
7    0.753677
8    0.763
9    0.686035
10    1.078
11    1.00443
12    0.910461
13    0.811005
14    0.574966
15    0.579636
16    0.540436
17    0.496948
18    0.318665
19    0.237457
20    0.221802
21    0.187744
22    0.212891
23    0.40921
24    0.685852
25    0.783417
26    0.749161
27    0.781647
28    0.299255
29    0.115875
30    0.481262
31    0.513763
32    0.41449
33    0.314514
34    0.239929
35    0.241791
36    0.269958
37    0.257935
38    0.181885
39    2.61005
40    3.14575
41    5.38312
42    4.422
43    6.21143
44    6.16974
45    4.20581
46    2.61523
47    4.11432
48    5.60455
49    5.19281
50    3.32904
51    3.59351
52    6.43793
53    1.46228
54    3.01868
55    4.97919
56    6.45831
57    6.7074
58    5.30048
59    3.23096
60    0.716827
61    1.24231
62    1.12935
63    0.860992
64    1.28961
65    0.716827
66    1.18488
67    1.47043
68    1.17377
69    1.42551
70    1.42435
71    0.963699
72    1.0554
73    0.562775
74    0.51384
75    1.14166
76    1.24466
77    0.625076
78    0.82312
79    0.997665
80    1.60648
81    1.34724
82    1.16922
83    1.04897
84    0.965225
85    0.696808
86    1.29643
87    1.21591
88    1.09715
89    2.9855
90    4.09604
91    4.54279
92    1.20258
93    1.27594
94    1.39166
95    1.53082
96    1.12869
97    1.29462
98    1.53931
99    0.832855
100    11.3445
101    7.57916
102    4.32123
103    3.1759
104    4.39008
105    5.8678
106    6.29001
107    3.94434
108    6.08698
109    7.20605
110    6.79871
111    7.16425
112    6.08289
113    2.96387
114    1.81635
115    1.14386
116    3.31421
117    1.62726
118    3.02618
119    2.02856
120    0.776123
121    4.79047
122    4.92569
123    3.28903
124    6.13837
125    4.14465
126    4.43851
127    4.83792
128    4.5961
129    4.50888
130    4.94629
131    4.13245
132    2.04321
133    2.44864
134    3.04413
135    3.77545
136    2.58954
137    3.44196
138    4.21298
139    1.83075
140    5.92087
141    5.3013
142    4.48907
143    -0.314362
144    0.0767212
145    0.577728
146    0.896851
147    0.377197
148    0.38559
149    0.222473
150    0.0387268
151    0.185074
152    0.170372
153    0.160812
154    0.547089
155    0.607162
156    0.669464
157    0.892868
158    0.493134
159    0.940155
160    0.996201
161    1.01672
162    1.05426
163    1.20952
164    1.43402
165    0.618805
166    0.316528
167    0.447372
168    0.491241
169    0.506149
170    0.44809
171    1.26733
