0    0.784365
1    0.751031
2    0.698611
3    0.253483
4    0.240244
5    0.486388
6    0.557794
7    0.7431
8    0.759541
9    0.693661
10    1.06986
11    0.984639
12    0.89622
13    0.797443
14    0.56739
15    0.571511
16    0.53898
17    0.48035
18    0.205253
19    0.219893
20    0.243048
21    0.245873
22    0.249656
23    0.444594
24    0.726041
25    0.783139
26    0.731827
27    0.770232
28    0.229682
29    0.247103
30    0.504246
31    0.524483
32    0.214368
33    0.210691
34    0.227878
35    0.19934
36    0.159045
37    0.163914
38    0.178295
39    2.10659
40    3.37635
41    5.51617
42    4.31061
43    6.00812
44    6.89638
45    6.02689
46    2.37578
47    1.33587
48    1.26154
49    5.51656
50    2.23931
51    3.92035
52    6.04168
53    1.45006
54    2.15693
55    3.40972
56    4.99886
57    6.84612
58    1.47406
59    1.4048
60    0.722095
61    1.25274
62    1.11267
63    1.16125
64    1.21144
65    0.722095
66    1.16983
67    3.12231
68    1.18547
69    2.72732
70    1.56088
71    0.945176
72    1.02408
73    0.563198
74    0.510327
75    1.1449
76    1.26341
77    0.616347
78    0.813771
79    0.969613
80    1.59414
81    1.37567
82    1.17409
83    1.04735
84    0.951205
85    0.689687
86    1.3578
87    1.23335
88    1.10006
89    3.88755
90    4.44721
91    4.59255
92    1.21156
93    1.28841
94    1.40634
95    1.55606
96    1.13104
97    1.31999
98    1.5453
99    0.847289
100    11.4047
101    7.33117
102    4.77336
103    2.76559
104    2.21871
105    5.82409
106    6.32332
107    2.03526
108    1.19413
109    7.28939
110    0.898342
111    5.84695
112    4.05044
113    2.28995
114    1.99663
115    2.01805
116    2.2175
117    1.26442
118    3.37467
119    2.0078
120    0.88727
121    5.18473
122    5.2033
123    3.10201
124    6.16602
125    4.16556
126    4.54425
127    4.99292
128    5.25526
129    4.35963
130    5.12009
131    5.17299
132    2.03387
133    2.46763
134    2.99921
135    3.72826
136    2.58826
137    3.43107
138    4.23554
139    1.85327
140    5.86096
141    5.2754
142    4.45051
143    1.10439
144    0.915039
145    0.583239
146    0.895928
147    0.377473
148    0.369403
149    0.423289
150    0.485595
151    0.174349
152    0.170469
153    0.166038
154    0.54855
155    0.599986
156    0.661338
157    0.773255
158    0.472469
159    0.917427
160    0.979769
161    1.00548
162    1.05438
163    1.2271
164    1.4166
165    0.617891
166    0.318175
167    0.445952
168    0.484779
169    0.510334
170    0.452366
171    1.2679
